2.8432e-04
2.8445e-04
2.8460e-04
2.8473e-04
2.8485e-04
2.8494e-04
2.8505e-04
2.8520e-04
2.8537e-04
2.8555e-04
2.8574e-04
2.8593e-04
2.8610e-04
2.8627e-04
2.8644e-04
2.8661e-04
2.8678e-04
2.8695e-04
2.8710e-04
2.8722e-04
2.8736e-04
2.8749e-04
2.8766e-04
2.8786e-04
2.8806e-04
2.8829e-04
2.8852e-04
2.8875e-04
2.8899e-04
2.8922e-04
2.8947e-04
2.8974e-04
2.9002e-04
2.9026e-04
2.9051e-04
2.9080e-04
2.9110e-04
2.9141e-04
2.9176e-04
2.9211e-04
2.9246e-04
2.9282e-04
2.9317e-04
2.9348e-04
2.9379e-04
2.9408e-04
2.9437e-04
2.9465e-04
2.9495e-04
2.9530e-04
2.9567e-04
2.9601e-04
2.9632e-04
2.9665e-04
2.9695e-04
2.9729e-04
2.9766e-04
2.9810e-04
2.9852e-04
2.9894e-04
2.9938e-04
2.9983e-04
3.0035e-04
3.0091e-04
3.0142e-04
3.0194e-04
3.0248e-04
3.0301e-04
3.0345e-04
3.0381e-04
3.0425e-04
3.0460e-04
3.0495e-04
3.0527e-04
3.0563e-04
3.0581e-04
3.0595e-04
3.0618e-04
3.0633e-04
3.0649e-04
3.0662e-04
3.0682e-04
3.0709e-04
3.0740e-04
3.0778e-04
3.0823e-04
3.0901e-04
3.0976e-04
3.1029e-04
3.1085e-04
3.1136e-04
3.1181e-04
3.1217e-04
3.1239e-04
3.1241e-04
3.1238e-04
3.1239e-04
3.1249e-04
3.1252e-04
3.1263e-04
3.1282e-04
3.1301e-04
3.1334e-04
3.1373e-04
3.1410e-04
3.1441e-04
3.1470e-04
3.1499e-04
3.1534e-04
3.1581e-04
3.1662e-04
3.1730e-04
3.1804e-04
3.1865e-04
3.1933e-04
3.1981e-04
3.2088e-04
3.2148e-04
3.2239e-04
3.2325e-04
3.2478e-04
3.2540e-04
3.2735e-04
3.2991e-04
3.3076e-04
3.3083e-04
3.3154e-04
3.3335e-04
3.3501e-04
3.3661e-04
3.3870e-04
3.4006e-04
3.4064e-04
3.4227e-04
3.4401e-04
3.4546e-04
3.4690e-04
3.4877e-04
3.5128e-04
3.5289e-04
3.5407e-04
3.5535e-04
3.5623e-04
3.5692e-04
3.5825e-04
3.6024e-04
3.6201e-04
3.6325e-04
3.6593e-04
3.6785e-04
3.6913e-04
3.7067e-04
3.7284e-04
3.7541e-04
3.7699e-04
3.7891e-04
3.8101e-04
3.8260e-04
3.8474e-04
3.8628e-04
3.8872e-04
3.9094e-04
3.9302e-04
3.9572e-04
3.9755e-04
3.9995e-04
4.0312e-04
4.0579e-04
4.0876e-04
4.1179e-04
4.1489e-04
4.1806e-04
